   0.00000000       0.00000000       0.00000000    
  0.500000000       0.00000000       0.00000000    
   0.00000000       100.000000       0.00000000    
  0.500000000       100.000000       0.00000000    
  0.500000000       0.00000000       0.00000000    
   1.00000000       0.00000000       0.00000000    
  0.500000000       100.000000       0.00000000    
   1.00000000       100.000000       0.00000000    
   1.00000000       0.00000000       0.00000000    
   1.50000000       0.00000000       0.00000000    
   1.00000000       100.000000       0.00000000    
   1.50000000       100.000000       0.00000000    
   1.50000000       0.00000000       0.00000000    
   2.00000000       0.00000000       0.00000000    
   1.50000000       100.000000       0.00000000    
   2.00000000       100.000000       0.00000000    
   2.00000000       0.00000000       0.00000000    
   2.50000000       0.00000000       0.00000000    
   2.00000000       100.000000       0.00000000    
   2.50000000       100.000000       0.00000000    
   2.50000000       0.00000000       0.00000000    
   3.00000000       0.00000000       0.00000000    
   2.50000000       100.000000       0.00000000    
   3.00000000       100.000000       0.00000000    
   3.00000000       0.00000000       0.00000000    
   3.50000000       0.00000000       0.00000000    
   3.00000000       100.000000       0.00000000    
   3.50000000       100.000000       0.00000000    
   3.50000000       0.00000000       0.00000000    
   4.00000000       0.00000000       0.00000000    
   3.50000000       100.000000       0.00000000    
   4.00000000       100.000000       0.00000000    
   4.00000000       0.00000000       0.00000000    
   4.50000000       0.00000000       0.00000000    
   4.00000000       100.000000       0.00000000    
   4.50000000       100.000000       0.00000000    
   4.50000000       0.00000000       0.00000000    
   5.00000000       0.00000000       0.00000000    
   4.50000000       100.000000       0.00000000    
   5.00000000       100.000000       0.00000000    
   5.00000000       0.00000000       0.00000000    
   5.50000000       0.00000000       0.00000000    
   5.00000000       100.000000       0.00000000    
   5.50000000       100.000000       0.00000000    
   5.50000000       0.00000000       0.00000000    
   6.00000000       0.00000000       0.00000000    
   5.50000000       100.000000       0.00000000    
   6.00000000       100.000000       0.00000000    
   6.00000000       0.00000000       0.00000000    
   6.50000000       0.00000000       0.00000000    
   6.00000000       100.000000       0.00000000    
   6.50000000       100.000000       0.00000000    
   6.50000000       0.00000000       0.00000000    
   7.00000000       0.00000000       0.00000000    
   6.50000000       100.000000       0.00000000    
   7.00000000       100.000000       0.00000000    
   7.00000000       0.00000000       0.00000000    
   7.50000000       0.00000000       0.00000000    
   7.00000000       100.000000       0.00000000    
   7.50000000       100.000000       0.00000000    
   7.50000000       0.00000000       0.00000000    
   8.00000000       0.00000000       0.00000000    
   7.50000000       100.000000       0.00000000    
   8.00000000       100.000000       0.00000000    
   8.00000000       0.00000000       0.00000000    
   8.50000000       0.00000000       0.00000000    
   8.00000000       100.000000       0.00000000    
   8.50000000       100.000000       0.00000000    
   8.50000000       0.00000000       0.00000000    
   9.00000000       0.00000000       0.00000000    
   8.50000000       100.000000       0.00000000    
   9.00000000       100.000000       0.00000000    
   9.00000000       0.00000000       0.00000000    
   9.50000000       0.00000000       0.00000000    
   9.00000000       100.000000       0.00000000    
   9.50000000       100.000000       0.00000000    
   9.50000000       0.00000000       0.00000000    
   10.0000000       0.00000000       0.00000000    
   9.50000000       100.000000       0.00000000    
   10.0000000       100.000000       0.00000000    
   10.0000000       0.00000000       0.00000000    
   10.5000000       0.00000000       0.00000000    
   10.0000000       100.000000       0.00000000    
   10.5000000       100.000000       0.00000000    
   10.5000000       0.00000000       0.00000000    
   11.0000000       0.00000000       0.00000000    
   10.5000000       100.000000       0.00000000    
   11.0000000       100.000000       0.00000000    
   11.0000000       0.00000000       0.00000000    
   11.5000000       0.00000000       0.00000000    
   11.0000000       100.000000       0.00000000    
   11.5000000       100.000000       0.00000000    
   11.5000000       0.00000000       0.00000000    
   12.0000000       0.00000000       0.00000000    
   11.5000000       100.000000       0.00000000    
   12.0000000       100.000000       0.00000000    
   12.0000000       0.00000000       0.00000000    
   12.5000000       0.00000000       0.00000000    
   12.0000000       100.000000       0.00000000    
   12.5000000       100.000000       0.00000000    
   12.5000000       0.00000000       0.00000000    
   13.0000000       0.00000000       0.00000000    
   12.5000000       100.000000       0.00000000    
   13.0000000       100.000000       0.00000000    
   13.0000000       0.00000000       0.00000000    
   13.5000000       0.00000000       0.00000000    
   13.0000000       100.000000       0.00000000    
   13.5000000       100.000000       0.00000000    
   13.5000000       0.00000000       0.00000000    
   14.0000000       0.00000000       0.00000000    
   13.5000000       100.000000       0.00000000    
   14.0000000       100.000000       0.00000000    
   14.0000000       0.00000000       0.00000000    
   14.5000000       0.00000000       0.00000000    
   14.0000000       100.000000       0.00000000    
   14.5000000       100.000000       0.00000000    
   14.5000000       0.00000000       0.00000000    
   15.0000000       0.00000000       0.00000000    
   14.5000000       100.000000       0.00000000    
   15.0000000       100.000000       0.00000000    
   15.0000000       0.00000000       0.00000000    
   15.5000000       0.00000000       0.00000000    
   15.0000000       100.000000       0.00000000    
   15.5000000       100.000000       0.00000000    
   15.5000000       0.00000000       0.00000000    
   16.0000000       0.00000000       0.00000000    
   15.5000000       100.000000       0.00000000    
   16.0000000       100.000000       0.00000000    
   16.0000000       0.00000000       0.00000000    
   16.5000000       0.00000000       0.00000000    
   16.0000000       100.000000       0.00000000    
   16.5000000       100.000000       0.00000000    
   16.5000000       0.00000000       0.00000000    
   17.0000000       0.00000000       0.00000000    
   16.5000000       100.000000       0.00000000    
   17.0000000       100.000000       0.00000000    
   17.0000000       0.00000000       0.00000000    
   17.5000000       0.00000000       0.00000000    
   17.0000000       100.000000       0.00000000    
   17.5000000       100.000000       0.00000000    
   17.5000000       0.00000000       0.00000000    
   18.0000000       0.00000000       0.00000000    
   17.5000000       100.000000       0.00000000    
   18.0000000       100.000000       0.00000000    
   18.0000000       0.00000000       0.00000000    
   18.5000000       0.00000000       0.00000000    
   18.0000000       100.000000       0.00000000    
   18.5000000       100.000000       0.00000000    
   18.5000000       0.00000000       0.00000000    
   19.0000000       0.00000000       0.00000000    
   18.5000000       100.000000       0.00000000    
   19.0000000       100.000000       0.00000000    
   19.0000000       0.00000000       0.00000000    
   19.5000000       0.00000000       0.00000000    
   19.0000000       100.000000       0.00000000    
   19.5000000       100.000000       0.00000000    
   19.5000000       0.00000000       1.50043309    
   20.0000000       0.00000000       4.19616384E-07
   19.5000000       100.000000       1.50043440    
   20.0000000       100.000000       4.95910569E-07
   20.0000000       0.00000000       2.25029016    
   20.5000000       0.00000000      -8.39231859E-07
   20.0000000       100.000000       2.25029564    
   20.5000000       100.000000      -9.91819434E-07
   20.5000000       0.00000000       1.87490392    
   21.0000000       0.00000000       4.19617663E-07
   20.5000000       100.000000       1.87490606    
   21.0000000       100.000000       4.95912332E-07
   21.0000000       0.00000000       2.06253648    
   21.5000000       0.00000000      -8.39235327E-07
   21.0000000       100.000000       2.06253695    
   21.5000000       100.000000      -9.91824663E-07
   21.5000000       0.00000000       1.96873343    
   22.0000000       0.00000000       9.91819775E-07
   21.5000000       100.000000       1.96874225    
   22.0000000       100.000000       8.39233053E-07
   22.0000000       0.00000000       2.01563978    
   22.5000000       0.00000000      -9.15528744E-07
   22.0000000       100.000000       2.01563001    
   22.5000000       100.000000      -9.91821707E-07
   22.5000000       0.00000000       1.99218130    
   23.0000000       0.00000000       9.91818297E-07
   22.5000000       100.000000       1.99218357    
   23.0000000       100.000000       9.91817728E-07
   23.0000000       0.00000000       2.00391126    
   23.5000000       0.00000000      -9.15529426E-07
   23.0000000       100.000000       2.00390911    
   23.5000000       100.000000      -9.91824663E-07
   23.5000000       0.00000000       1.99803829    
   24.0000000       0.00000000       7.62938271E-07
   23.5000000       100.000000       1.99804723    
   24.0000000       100.000000       9.91820912E-07
   24.0000000       0.00000000       2.00097036    
   24.5000000       0.00000000      -9.91822844E-07
   24.0000000       100.000000       2.00097346    
   24.5000000       100.000000      -9.91821707E-07
   24.5000000       0.00000000       1.99950910    
   25.0000000       0.00000000       9.91818979E-07
   24.5000000       100.000000       1.99951351    
   25.0000000       100.000000       8.39230609E-07
   25.0000000       0.00000000       2.00023460    
   25.5000000       0.00000000      -9.15528062E-07
   25.0000000       100.000000       2.00023580    
   25.5000000       100.000000      -9.91821480E-07
   25.5000000       0.00000000       1.99988604    
   26.0000000       0.00000000       6.86644455E-07
   25.5000000       100.000000       1.99988759    
   26.0000000       100.000000       9.15526982E-07
   26.0000000       0.00000000       2.00004673    
   26.5000000       0.00000000      -9.15528744E-07
   26.0000000       100.000000       2.00004172    
   26.5000000       100.000000      -9.91821707E-07
   26.5000000       0.00000000       1.99997950    
   27.0000000       0.00000000       7.62940601E-07
   26.5000000       100.000000       1.99997437    
   27.0000000       100.000000       9.91821707E-07
   27.0000000       0.00000000       1.99999714    
   27.5000000       0.00000000       7.62937702E-07
   27.0000000       100.000000       2.00000095    
   27.5000000       100.000000       3.81468453E-07
   27.5000000       0.00000000       2.00000095    
   28.0000000       0.00000000       8.39235327E-07
   27.5000000       100.000000       2.00000095    
   28.0000000       100.000000       9.91824663E-07
   28.0000000       0.00000000       1.99999416    
   28.5000000       0.00000000       9.15524538E-07
   28.0000000       100.000000       1.99999547    
   28.5000000       100.000000       9.91817728E-07
   28.5000000       0.00000000       2.00000286    
   29.0000000       0.00000000       9.15528744E-07
   28.5000000       100.000000       2.00000095    
   29.0000000       100.000000       8.39233792E-07
   29.0000000       0.00000000       1.99999297    
   29.5000000       0.00000000       8.39231461E-07
   29.0000000       100.000000       1.99999738    
   29.5000000       100.000000       8.39230609E-07
   29.5000000       0.00000000       2.00000072    
   30.0000000       0.00000000       9.15529426E-07
   29.5000000       100.000000       2.00000691    
   30.0000000       100.000000       9.91824663E-07
   30.0000000       0.00000000       1.99999738    
   30.5000000       0.00000000       1.14440741E-06
   30.0000000       100.000000       1.99999583    
   30.5000000       100.000000       6.10351321E-07
   30.5000000       0.00000000       1.99999678    
   31.0000000       0.00000000       9.91822048E-07
   30.5000000       100.000000       2.00000095    
   31.0000000       100.000000       8.39233508E-07
   31.0000000       0.00000000       1.99999905    
   31.5000000       0.00000000       9.91818979E-07
   31.0000000       100.000000       1.99999082    
   31.5000000       100.000000       8.39230609E-07
   31.5000000       0.00000000       2.00000191    
   32.0000000       0.00000000       8.39235327E-07
   31.5000000       100.000000       2.00000525    
   32.0000000       100.000000       9.91824663E-07
   32.0000000       0.00000000       1.99999690    
   32.5000000       0.00000000       9.91823526E-07
   32.0000000       100.000000       1.99999785    
   32.5000000       100.000000       7.62942079E-07
   32.5000000       0.00000000       1.99999905    
   33.0000000       0.00000000       9.15525959E-07
   32.5000000       100.000000       1.99999440    
   33.0000000       100.000000       8.39233053E-07
   33.0000000       0.00000000       2.00000072    
   33.5000000       0.00000000       9.91822048E-07
   33.0000000       100.000000       1.99999893    
   33.5000000       100.000000       8.39233508E-07
   33.5000000       0.00000000       1.99999833    
   34.0000000       0.00000000       9.15525220E-07
   33.5000000       100.000000       1.99999332    
   34.0000000       100.000000       6.10349502E-07
   34.0000000       0.00000000       1.99999905    
   34.5000000       0.00000000       6.86647070E-07
   34.0000000       100.000000       2.00000286    
   34.5000000       100.000000       1.14441309E-06
   34.5000000       0.00000000       1.99999797    
   35.0000000       0.00000000       9.91819775E-07
   34.5000000       100.000000       1.99999249    
   35.0000000       100.000000       8.39233053E-07
   35.0000000       0.00000000       2.00000286    
   35.5000000       0.00000000       9.15528744E-07
   35.0000000       100.000000       2.00000095    
   35.5000000       100.000000       8.39233792E-07
   35.5000000       0.00000000       1.99999630    
   36.0000000       0.00000000       9.15524538E-07
   35.5000000       100.000000       1.99999452    
   36.0000000       100.000000       8.39230381E-07
   36.0000000       0.00000000       2.00000095    
   36.5000000       0.00000000       7.62941227E-07
   36.0000000       100.000000       2.00000143    
   36.5000000       100.000000       9.91824663E-07
   36.5000000       0.00000000       1.99999440    
   37.0000000       0.00000000       9.91819775E-07
   36.5000000       100.000000       1.99999464    
   37.0000000       100.000000       6.10351321E-07
   37.0000000       0.00000000       2.00000000    
   37.5000000       0.00000000       6.86646558E-07
   37.0000000       100.000000       2.00000072    
   37.5000000       100.000000       1.06811569E-06
   37.5000000       0.00000000       1.99999559    
   38.0000000       0.00000000       9.91822844E-07
   37.5000000       100.000000       1.99999726    
   38.0000000       100.000000       9.91821707E-07
   38.0000000       0.00000000       1.99999881    
   38.5000000       0.00000000       6.10350185E-07
   38.0000000       100.000000       1.99999774    
   38.5000000       100.000000       9.91817956E-07
   38.5000000       0.00000000       2.00000000    
   39.0000000       0.00000000       8.39235327E-07
   38.5000000       100.000000       2.00000143    
   39.0000000       100.000000       9.91824663E-07
   39.0000000       0.00000000       1.99999559    
   39.5000000       0.00000000       9.91819775E-07
   39.0000000       100.000000       1.99999416    
   39.5000000       100.000000       8.39233053E-07
   39.5000000       0.00000000       1.99999881    
   40.0000000       0.00000000       6.86645535E-07
   39.5000000       100.000000       2.00000072    
   40.0000000       100.000000       9.15527323E-07
   40.0000000       0.00000000       1.99999928    
   40.5000000       0.00000000       6.10350185E-07
   40.0000000       100.000000       1.99999201    
   40.5000000       100.000000       9.91817956E-07
   40.5000000       0.00000000       1.99999404    
   41.0000000       0.00000000       6.86644455E-07
   40.5000000       100.000000       2.00000310    
   41.0000000       100.000000       9.91820912E-07
   41.0000000       0.00000000       2.00000095    
   41.5000000       0.00000000       7.62940601E-07
   41.0000000       100.000000       1.99999475    
   41.5000000       100.000000       8.39233792E-07
   41.5000000       0.00000000       2.00000072    
   42.0000000       0.00000000       9.15528744E-07
   41.5000000       100.000000       1.99999547    
   42.0000000       100.000000       9.91821707E-07
   42.0000000       0.00000000       2.00000167    
   42.5000000       0.00000000       9.15528744E-07
   42.0000000       100.000000       1.99999619    
   42.5000000       100.000000       9.91821707E-07
   42.5000000       0.00000000       1.99999797    
   43.0000000       0.00000000       8.39234701E-07
   42.5000000       100.000000       1.99999762    
   43.0000000       100.000000       9.91821707E-07
   43.0000000       0.00000000       1.99999559    
   43.5000000       0.00000000       9.15521753E-07
   43.0000000       100.000000       1.99999416    
   43.5000000       100.000000       9.91814204E-07
   43.5000000       0.00000000       2.00000191    
   44.0000000       0.00000000       8.39234701E-07
   43.5000000       100.000000       2.00000310    
   44.0000000       100.000000       9.91821707E-07
   44.0000000       0.00000000       1.99999583    
   44.5000000       0.00000000       9.91822844E-07
   44.0000000       100.000000       1.99999547    
   44.5000000       100.000000       7.62939806E-07
   44.5000000       0.00000000       2.00000525    
   45.0000000       0.00000000       7.62940601E-07
   44.5000000       100.000000       1.99999928    
   45.0000000       100.000000       9.91821707E-07
   45.0000000       0.00000000       1.99999440    
   45.5000000       0.00000000       7.62933610E-07
   45.0000000       100.000000       1.99999714    
   45.5000000       100.000000       8.39226971E-07
   45.5000000       0.00000000       2.00000858    
   46.0000000       0.00000000       8.39234701E-07
   45.5000000       100.000000       2.00000191    
   46.0000000       100.000000       9.91821707E-07
   46.0000000       0.00000000       1.99999583    
   46.5000000       0.00000000       8.39234701E-07
   46.0000000       100.000000       1.99999452    
   46.5000000       100.000000       9.91821707E-07
   46.5000000       0.00000000       1.99999666    
   47.0000000       0.00000000       8.39234701E-07
   46.5000000       100.000000       2.00000095    
   47.0000000       100.000000       9.91821707E-07
   47.0000000       0.00000000       1.99999714    
   47.5000000       0.00000000       7.62934803E-07
   47.0000000       100.000000       1.99999344    
   47.5000000       100.000000       9.91814204E-07
   47.5000000       0.00000000       2.00000310    
   48.0000000       0.00000000       9.91822844E-07
   47.5000000       100.000000       2.00000668    
   48.0000000       100.000000       8.39233792E-07
   48.0000000       0.00000000       1.99999654    
   48.5000000       0.00000000       9.91822844E-07
   48.0000000       100.000000       1.99999785    
   48.5000000       100.000000       8.39233792E-07
   48.5000000       0.00000000       2.00000095    
   49.0000000       0.00000000       7.62940601E-07
   48.5000000       100.000000       2.00000095    
   49.0000000       100.000000       9.91821707E-07
   49.0000000       0.00000000       1.99999988    
   49.5000000       0.00000000       9.15528744E-07
   49.0000000       100.000000       1.99999440    
   49.5000000       100.000000       8.39233792E-07
   49.5000000       0.00000000       1.99999928    
   50.0000000       0.00000000       6.86641329E-07
   49.5000000       100.000000       1.99999583    
   50.0000000       100.000000       1.14440093E-06
   50.0000000       0.00000000      0.499573469    
   50.5000000       0.00000000      -7.05720083E-07
   50.0000000       100.000000      0.499576002    
   50.5000000       100.000000      -7.62939806E-07
   50.5000000       0.00000000     -0.250312835    
   51.0000000       0.00000000       3.62396236E-07
   50.5000000       100.000000     -0.250315428    
   51.0000000       100.000000       3.33786005E-07
   51.0000000       0.00000000      0.125101969    
   51.5000000       0.00000000      -8.10624385E-08
   51.0000000       100.000000      0.125102401    
   51.5000000       100.000000      -6.19888567E-08
   51.5000000       0.00000000      -6.25366792E-02
   52.0000000       0.00000000       3.09942259E-08
   51.5000000       100.000000      -6.25367984E-02
   52.0000000       100.000000       2.62258553E-08
   52.0000000       0.00000000       3.12619656E-02
   52.5000000       0.00000000      -1.43051366E-08
   52.0000000       100.000000       3.12618464E-02
   52.5000000       100.000000      -1.54972142E-08
   52.5000000       0.00000000      -1.56276114E-02
   53.0000000       0.00000000       8.34466274E-09
   52.5000000       100.000000      -1.56276152E-02
   53.0000000       100.000000       4.76837370E-09
   53.0000000       0.00000000       7.81213306E-03
   53.5000000       0.00000000      -3.57628416E-09
   53.0000000       100.000000       7.81214796E-03
   53.5000000       100.000000      -2.08616346E-09
   53.5000000       0.00000000      -3.90525232E-03
   54.0000000       0.00000000       1.93715399E-09
   53.5000000       100.000000      -3.90522717E-03
   54.0000000       100.000000       1.63912850E-09
   54.0000000       0.00000000       1.95219333E-03
   54.5000000       0.00000000      -8.94064212E-10
   54.0000000       100.000000       1.95217726E-03
   54.5000000       100.000000      -9.68568559E-10
   54.5000000       0.00000000      -9.75894684E-04
   55.0000000       0.00000000       4.84288498E-10
   54.5000000       100.000000      -9.75885312E-04
   55.0000000       100.000000       4.09782125E-10
   55.0000000       0.00000000       4.87843121E-04
   55.5000000       0.00000000      -1.67638320E-10
   55.0000000       100.000000       4.87838231E-04
   55.5000000       100.000000      -2.42143972E-10
   55.5000000       0.00000000      -2.43869988E-04
   56.0000000       0.00000000       8.38191599E-11
   55.5000000       100.000000      -2.43866889E-04
   56.0000000       100.000000       1.11758762E-10
   56.0000000       0.00000000       1.21907637E-04
   56.5000000       0.00000000      -4.65657721E-11
   56.0000000       100.000000       1.21906502E-04
   56.5000000       100.000000      -5.12223493E-11
   56.5000000       0.00000000      -6.09414710E-05
   57.0000000       0.00000000       2.79397200E-11
   56.5000000       100.000000      -6.09404779E-05
   57.0000000       100.000000       3.02679964E-11
   57.0000000       0.00000000       3.04642672E-05
   57.5000000       0.00000000      -1.39698600E-11
   57.0000000       100.000000       3.04636942E-05
   57.5000000       100.000000      -1.04773837E-11
   57.5000000       0.00000000      -1.52288630E-05
   58.0000000       0.00000000       7.56700778E-12
   57.5000000       100.000000      -1.52285802E-05
   58.0000000       100.000000       7.56699911E-12
   58.0000000       0.00000000       7.61275078E-06
   58.5000000       0.00000000      -3.49243833E-12
   58.0000000       100.000000       7.61259435E-06
   58.5000000       100.000000      -2.91036227E-12
   58.5000000       0.00000000      -3.80559368E-06
   59.0000000       0.00000000       1.74623250E-12
   58.5000000       100.000000      -3.80549250E-06
   59.0000000       100.000000       1.89174978E-12
   59.0000000       0.00000000       1.90238654E-06
   59.5000000       0.00000000      -9.45875973E-13
   59.0000000       100.000000       1.90233504E-06
   59.5000000       100.000000      -7.27596098E-13
   59.5000000       0.00000000      -9.50990795E-07
   60.0000000       0.00000000       4.36558125E-13
   59.5000000       100.000000      -9.50964306E-07
   60.0000000       100.000000       4.72937444E-13
   60.0000000       0.00000000       4.75392198E-07
   60.5000000       0.00000000      -2.91038759E-13
   60.0000000       100.000000       4.75380574E-07
   60.5000000       100.000000      -1.27329313E-13
   60.5000000       0.00000000      -2.37643306E-07
   61.0000000       0.00000000       1.27328486E-13
   60.5000000       100.000000      -2.37636854E-07
   61.0000000       100.000000       1.00043698E-13
   61.0000000       0.00000000       1.18797089E-07
   61.5000000       0.00000000      -6.36646294E-14
   61.0000000       100.000000       1.18793693E-07
   61.5000000       100.000000      -4.09272632E-14
   61.5000000       0.00000000      -5.93859646E-08
   62.0000000       0.00000000       2.72848828E-14
   61.5000000       100.000000      -5.93840781E-08
   62.0000000       100.000000       2.95585903E-14
   62.0000000       0.00000000       2.96866869E-08
   62.5000000       0.00000000      -1.47793121E-14
   62.0000000       100.000000       2.96856157E-08
   62.5000000       100.000000      -1.13686890E-14
   62.5000000       0.00000000      -1.48400128E-08
   63.0000000       0.00000000       1.59160608E-14
   62.5000000       100.000000      -1.48395136E-08
   63.0000000       100.000000       1.47791833E-14
   63.0000000       0.00000000       7.41848405E-09
   63.5000000       0.00000000      -2.07478789E-14
   63.0000000       100.000000       7.41823492E-09
   63.5000000       100.000000      -2.16005091E-14
   63.5000000       0.00000000      -3.70845066E-09
   64.0000000       0.00000000       2.41584893E-14
   63.5000000       100.000000      -3.70830300E-09
   64.0000000       100.000000       2.47268992E-14
   64.0000000       0.00000000       1.85381333E-09
   64.5000000       0.00000000      -2.45848162E-14
   64.0000000       100.000000       1.85373994E-09
   64.5000000       100.000000      -2.43716265E-14
   64.5000000       0.00000000      -9.26691834E-10
   65.0000000       0.00000000       2.34479455E-14
   64.5000000       100.000000      -9.26660193E-10
   65.0000000       100.000000       2.34834481E-14
   65.0000000       0.00000000       4.63229649E-10
   65.5000000       0.00000000      -2.13161516E-14
   65.0000000       100.000000       4.63215188E-10
   65.5000000       100.000000      -2.12450754E-14
   65.5000000       0.00000000      -2.31554886E-10
   66.0000000       0.00000000       1.87317118E-14
   65.5000000       100.000000      -2.31548156E-10
   66.0000000       100.000000       1.86606373E-14
   66.0000000       0.00000000       1.15741798E-10
   66.5000000       0.00000000      -1.58717728E-14
   66.0000000       100.000000       1.15738523E-10
   66.5000000       100.000000      -1.58406698E-14
   66.5000000       0.00000000      -5.78490728E-11
   67.0000000       0.00000000       1.30762066E-14
   66.5000000       100.000000      -5.78476052E-11
   67.0000000       100.000000       1.30362386E-14
   67.0000000       0.00000000       2.89103689E-11
   67.5000000       0.00000000      -1.04615676E-14
   67.0000000       100.000000       2.89095050E-11
   67.5000000       100.000000      -1.04382420E-14
   67.5000000       0.00000000      -1.44457909E-11
   68.0000000       0.00000000       8.13961223E-15
   67.5000000       100.000000      -1.44453945E-11
   68.0000000       100.000000       8.12961216E-15
   68.0000000       0.00000000       7.21630785E-12
   68.5000000       0.00000000      -6.16896382E-15
   68.0000000       100.000000       7.21609231E-12
   68.5000000       100.000000      -6.16146292E-15
   68.5000000       0.00000000      -3.60349793E-12
   69.0000000       0.00000000       4.55677849E-15
   68.5000000       100.000000      -3.60337888E-12
   69.0000000       100.000000       4.55080606E-15
   69.0000000       0.00000000       1.79844215E-12
   69.5000000       0.00000000      -3.28168558E-15
   69.0000000       100.000000       1.79839466E-12
   69.5000000       100.000000      -3.27960040E-15
   69.5000000       0.00000000      -8.96896706E-13
   70.0000000       0.00000000       2.30775799E-15
   69.5000000       100.000000      -8.96867866E-13
   70.0000000       100.000000       2.30525755E-15
   70.0000000       0.00000000       4.46839695E-13
   70.5000000       0.00000000      -1.58422129E-15
   70.0000000       100.000000       4.46827525E-13
   70.5000000       100.000000      -1.58316144E-15
   70.5000000       0.00000000      -2.22318637E-13
   71.0000000       0.00000000       1.06291878E-15
   70.5000000       100.000000      -2.22313704E-13
   71.0000000       100.000000       1.06233644E-15
   71.0000000       0.00000000       1.10420780E-13
   71.5000000       0.00000000      -6.97221142E-16
   71.0000000       100.000000       1.10419039E-13
   71.5000000       100.000000      -6.97023042E-16
   71.5000000       0.00000000      -5.47242610E-14
   72.0000000       0.00000000       4.47396926E-16
   71.5000000       100.000000      -5.47237596E-14
   72.0000000       100.000000       4.47361192E-16
   72.0000000       0.00000000       2.70493975E-14
   72.5000000       0.00000000      -2.81013715E-16
   72.0000000       100.000000       2.70492382E-14
   72.5000000       100.000000      -2.80992275E-16
   72.5000000       0.00000000      -1.33270656E-14
   73.0000000       0.00000000       1.72842684E-16
   72.5000000       100.000000      -1.33269801E-14
   73.0000000       100.000000       1.72832202E-16
   73.0000000       0.00000000       6.54126403E-15
   73.5000000       0.00000000      -1.04152819E-16
   73.0000000       100.000000       6.54122337E-15
   73.5000000       100.000000      -1.04151760E-16
   73.5000000       0.00000000      -3.19645670E-15
   74.0000000       0.00000000       6.15206449E-17
   73.5000000       100.000000      -3.19643235E-15
   74.0000000       100.000000       6.15180045E-17
   74.0000000       0.00000000       1.55416019E-15
   74.5000000       0.00000000      -3.56330350E-17
   74.0000000       100.000000       1.55414759E-15
   74.5000000       100.000000      -3.56321846E-17
   74.5000000       0.00000000      -7.51382387E-16
   75.0000000       0.00000000       2.02474392E-17
   74.5000000       100.000000      -7.51377252E-16
   75.0000000       100.000000       2.02470272E-17
   75.0000000       0.00000000       3.60995887E-16
   75.5000000       0.00000000      -1.12911105E-17
   75.0000000       100.000000       3.60993875E-16
   75.5000000       100.000000      -1.12909459E-17
   75.5000000       0.00000000      -1.72251800E-16
   76.0000000       0.00000000       6.18189708E-18
   75.5000000       100.000000      -1.72250688E-16
   76.0000000       100.000000       6.18193307E-18
   76.0000000       0.00000000       8.15825606E-17
   76.5000000       0.00000000      -3.32422526E-18
   76.0000000       100.000000       8.15824746E-17
   76.5000000       100.000000      -3.32428254E-18
   76.5000000       0.00000000      -3.83344712E-17
   77.0000000       0.00000000       1.75631186E-18
   76.5000000       100.000000      -3.83347094E-17
   77.0000000       100.000000       1.75631475E-18
   77.0000000       0.00000000       1.78615277E-17
   77.5000000       0.00000000      -9.12003021E-19
   77.0000000       100.000000       1.78614731E-17
   77.5000000       100.000000      -9.12000333E-19
   77.5000000       0.00000000      -8.24899331E-18
   78.0000000       0.00000000       4.65605078E-19
   77.5000000       100.000000      -8.24901813E-18
   78.0000000       100.000000       4.65597374E-19
   78.0000000       0.00000000       3.77450124E-18
   78.5000000       0.00000000      -2.33775200E-19
   78.0000000       100.000000       3.77449255E-18
   78.5000000       100.000000      -2.33772486E-19
   78.5000000       0.00000000      -1.71064177E-18
   79.0000000       0.00000000       1.15471195E-19
   78.5000000       100.000000      -1.71063349E-18
   79.0000000       100.000000       1.15470872E-19
   79.0000000       0.00000000       7.67634310E-19
   79.5000000       0.00000000      -5.61275650E-20
   79.0000000       100.000000       7.67631880E-19
   79.5000000       100.000000      -5.61277976E-20
   79.5000000       0.00000000      -3.40987527E-19
   80.0000000       0.00000000       2.68550632E-20
   79.5000000       100.000000      -3.40987733E-19
   80.0000000       100.000000       2.68551375E-20
   80.0000000       0.00000000       1.49905703E-19
   80.5000000       0.00000000      -1.26515998E-20
   80.0000000       100.000000       1.49906323E-19
   80.5000000       100.000000      -1.26515538E-20
   80.5000000       0.00000000      -6.52087286E-20
   81.0000000       0.00000000       5.87005894E-21
   80.5000000       100.000000      -6.52085929E-20
   81.0000000       100.000000       5.87005692E-21
   81.0000000       0.00000000       2.80640151E-20
   81.5000000       0.00000000      -2.68308532E-21
   81.0000000       100.000000       2.80637954E-20
   81.5000000       100.000000      -2.68307583E-21
   81.5000000       0.00000000      -1.19475956E-20
   82.0000000       0.00000000       1.20843989E-21
   81.5000000       100.000000      -1.19474349E-20
   82.0000000       100.000000       1.20843656E-21
   82.0000000       0.00000000       5.03125539E-21
   82.5000000       0.00000000      -5.36440865E-22
   82.0000000       100.000000       5.03127276E-21
   82.5000000       100.000000      -5.36438795E-22
   82.5000000       0.00000000      -2.09548356E-21
   83.0000000       0.00000000       2.34758215E-22
   82.5000000       100.000000      -2.09550800E-21
   83.0000000       100.000000       2.34759149E-22
   83.0000000       0.00000000       8.63202551E-22
   83.5000000       0.00000000      -1.01303630E-22
   83.0000000       100.000000       8.63210528E-22
   83.5000000       100.000000      -1.01304211E-22
   83.5000000       0.00000000      -3.51658541E-22
   84.0000000       0.00000000       4.31147005E-23
   83.5000000       100.000000      -3.51655713E-22
   84.0000000       100.000000       4.31149687E-23
   84.0000000       0.00000000       1.41684922E-22
   84.5000000       0.00000000      -1.81016094E-23
   84.0000000       100.000000       1.41685944E-22
   84.5000000       100.000000      -1.81016504E-23
   84.5000000       0.00000000      -5.64575885E-23
   85.0000000       0.00000000       7.49870035E-24
   84.5000000       100.000000      -5.64570521E-23
   85.0000000       100.000000       7.49871849E-24
   85.0000000       0.00000000       2.22488436E-23
   85.5000000       0.00000000      -3.06562530E-24
   85.0000000       100.000000       2.22485707E-23
   85.5000000       100.000000      -3.06562688E-24
   85.5000000       0.00000000      -8.67187220E-24
   86.0000000       0.00000000       1.23708911E-24
   85.5000000       100.000000      -8.67192111E-24
   86.0000000       100.000000       1.23709394E-24
   86.0000000       0.00000000       3.34297085E-24
   86.5000000       0.00000000      -4.92847457E-25
   86.0000000       100.000000       3.34300635E-24
   86.5000000       100.000000      -4.92848197E-25
   86.5000000       0.00000000      -1.27469687E-24
   87.0000000       0.00000000       1.93879392E-25
   86.5000000       100.000000      -1.27470486E-24
   87.0000000       100.000000       1.93879996E-25
   87.0000000       0.00000000       4.80787894E-25
   87.5000000       0.00000000      -7.53249444E-26
   87.0000000       100.000000       4.80793761E-25
   87.5000000       100.000000      -7.53252710E-26
   87.5000000       0.00000000      -1.79386045E-25
   88.0000000       0.00000000       2.89071947E-26
   87.5000000       100.000000      -1.79387389E-25
   88.0000000       100.000000       2.89072131E-26
   88.0000000       0.00000000       6.62141248E-26
   88.5000000       0.00000000      -1.09598880E-26
   88.0000000       100.000000       6.62134468E-26
   88.5000000       100.000000      -1.09598271E-26
   88.5000000       0.00000000      -2.41808917E-26
   89.0000000       0.00000000       4.10592664E-27
   88.5000000       100.000000      -2.41810396E-26
   89.0000000       100.000000       4.10593473E-27
   89.0000000       0.00000000       8.73708673E-27
   89.5000000       0.00000000      -1.52015259E-27
   89.0000000       100.000000       8.73723156E-27
   89.5000000       100.000000      -1.52016424E-27
   89.5000000       0.00000000      -3.12388514E-27
   90.0000000       0.00000000       5.56296390E-28
   89.5000000       100.000000      -3.12391961E-27
   90.0000000       100.000000       5.56300001E-28
   90.0000000       0.00000000       1.10525951E-27
   90.5000000       0.00000000      -2.01246619E-28
   90.0000000       100.000000       1.10525229E-27
   90.5000000       100.000000      -2.01247630E-28
   90.5000000       0.00000000      -3.87011169E-28
   91.0000000       0.00000000       7.19815956E-29
   90.5000000       100.000000      -3.87015935E-28
   91.0000000       100.000000       7.19817581E-29
   91.0000000       0.00000000       1.34127046E-28
   91.5000000       0.00000000      -2.54593013E-29
   91.0000000       100.000000       1.34128261E-28
   91.5000000       100.000000      -2.54594638E-29
   91.5000000       0.00000000      -4.60106319E-29
   92.0000000       0.00000000       8.90558056E-30
   91.5000000       100.000000      -4.60102708E-29
   92.0000000       100.000000       8.90559185E-30
   92.0000000       0.00000000       1.56245204E-29
   92.5000000       0.00000000      -3.08128817E-30
   92.0000000       100.000000       1.56246062E-29
   92.5000000       100.000000      -3.08128460E-30
   92.5000000       0.00000000      -5.25263576E-30
   93.0000000       0.00000000       1.05464817E-30
   92.5000000       100.000000      -5.25270083E-30
   93.0000000       100.000000       1.05464911E-30
   93.0000000       0.00000000       1.74833908E-30
   93.5000000       0.00000000      -3.57146828E-31
   93.0000000       100.000000       1.74835958E-30
   93.5000000       100.000000      -3.57149085E-31
   93.5000000       0.00000000      -5.76216610E-31
   94.0000000       0.00000000       1.19676386E-31
   93.5000000       100.000000      -5.76227190E-31
   94.0000000       100.000000       1.19677421E-31
   94.0000000       0.00000000       1.88054987E-31
   94.5000000       0.00000000      -3.96864026E-32
   94.0000000       100.000000       1.88058043E-31
   94.5000000       100.000000      -3.96868493E-32
   94.5000000       0.00000000      -6.07812276E-32
   95.0000000       0.00000000       1.30256838E-32
   94.5000000       100.000000      -6.07812159E-32
   95.0000000       100.000000       1.30257851E-32
   95.0000000       0.00000000       1.94571939E-32
   95.5000000       0.00000000      -4.23193138E-33
   95.0000000       100.000000       1.94574408E-32
   95.5000000       100.000000      -4.23197362E-33
   95.5000000       0.00000000      -6.16930439E-33
   96.0000000       0.00000000       1.36113540E-33
   95.5000000       100.000000      -6.16942635E-33
   96.0000000       100.000000       1.36115184E-33
   96.0000000       0.00000000       1.93775505E-33
   96.5000000       0.00000000      -4.33453027E-34
   96.0000000       100.000000       1.93775450E-33
   96.5000000       100.000000      -4.33455690E-34
   96.5000000       0.00000000      -6.02948246E-34
   97.0000000       0.00000000       1.36679412E-34
   96.5000000       100.000000      -6.02956695E-34
   97.0000000       100.000000       1.36680824E-34
   97.0000000       0.00000000       1.85878477E-34
   97.5000000       0.00000000      -4.26809544E-35
   97.0000000       100.000000       1.85882517E-34
   97.5000000       100.000000      -4.26815427E-35
   97.5000000       0.00000000      -5.67794307E-35
   98.0000000       0.00000000       1.32003381E-35
   97.5000000       100.000000      -5.67803318E-35
   98.0000000       100.000000       1.32005031E-35
   98.0000000       0.00000000       1.71861478E-35
   98.5000000       0.00000000      -4.04383115E-36
   98.0000000       100.000000       1.71861134E-35
   98.5000000       100.000000      -4.04385410E-36
   98.5000000       0.00000000      -5.15522324E-36
   99.0000000       0.00000000       1.22717603E-36
   98.5000000       100.000000      -5.15528136E-36
   99.0000000       100.000000       1.22718760E-36
   99.0000000       0.00000000       1.53254359E-36
   99.5000000       0.00000000      -3.68948456E-37
   99.0000000       100.000000       1.53257085E-36
   99.5000000       100.000000      -3.68952559E-37
   99.5000000       0.00000000      -4.51571367E-37
   100.000000       0.00000000       1.09903996E-37
   99.5000000       100.000000      -4.51577959E-37
   100.000000       100.000000       1.09905217E-37
